77
338 213
338 214
337 215
337 216
336 217
336 217
335 218
335 219
334 220
334 221
333 221
332 221
197 197
197 198
197 199
197 200
197 201
197 202
198 202
199 202
199 203
200 203
200 204
200 205
201 205
202 205
202 204
201 204
201 203
201 202
201 201
200 201
199 201
199 200
199 199
199 198
198 198
197 198
313 242
314 242
315 242
316 242
317 242
317 241
317 242
317 241
316 241
315 241
315 242
315 243
316 243
316 244
315 243
315 242
314 242
359 233
359 234
358 235
359 235
359 236
360 237
361 237
361 238
362 238
362 237
362 236
362 235
362 234
361 234
361 233
361 232
360 232
359 232
359 233
359 234
359 235
360 235
