363
368 215
368 216
369 217
369 218
369 219
370 220
370 221
370 222
370 222
371 223
371 224
371 225
371 226
371 227
372 228
372 229
372 230
372 231
371 232
372 233
372 234
372 235
372 235
373 236
373 237
373 238
373 239
374 240
374 241
375 241
375 242
375 243
375 244
376 244
376 245
376 246
377 246
378 247
378 248
379 248
379 249
379 250
380 250
380 251
380 252
380 253
381 253
381 254
381 255
382 256
382 257
383 258
383 258
383 259
384 260
384 261
384 260
385 259
385 258
385 257
385 256
385 255
385 254
385 253
385 252
385 251
385 250
385 249
385 248
384 248
384 247
384 246
383 245
383 244
382 244
382 243
381 243
380 243
380 242
380 241
379 241
379 240
379 239
379 238
379 237
379 236
378 235
378 234
377 233
377 232
377 231
377 230
377 229
377 228
377 227
377 227
376 226
376 225
375 224
375 223
375 222
374 222
374 221
374 220
373 220
373 219
373 218
372 218
372 219
372 220
372 221
371 222
371 223
371 224
371 225
371 226
371 227
371 228
371 229
371 230
371 231
372 232
372 232
373 233
374 234
374 235
374 235
375 236
375 237
376 238
377 238
377 239
378 239
378 240
379 240
379 239
379 240
380 240
380 241
381 241
381 242
382 243
382 244
382 245
382 246
382 247
382 248
382 249
184 163
183 164
182 164
182 165
181 165
180 166
180 167
179 168
178 169
178 169
177 170
176 170
176 171
175 171
174 172
173 172
173 173
172 173
171 174
171 175
170 175
170 176
169 177
169 177
168 178
168 179
167 180
166 181
166 182
166 182
165 183
164 184
163 185
163 185
163 186
162 187
161 188
160 188
159 189
159 189
158 190
157 190
156 191
155 192
155 192
154 193
153 193
152 194
151 195
151 195
150 195
149 196
149 197
148 198
148 199
147 200
147 200
146 201
146 202
146 203
145 203
145 204
144 205
144 206
143 206
143 207
142 208
142 209
142 208
142 207
142 206
142 205
143 204
143 203
143 202
143 201
143 200
143 199
143 198
144 197
144 196
144 195
144 194
145 193
145 193
146 192
146 191
147 190
147 190
148 189
148 188
149 187
150 187
150 186
151 185
151 185
152 184
153 184
154 183
155 183
156 182
157 182
158 181
158 181
159 180
160 179
160 179
161 178
162 177
162 176
163 176
164 175
164 174
165 174
165 173
166 173
167 172
167 172
168 171
169 170
169 170
170 169
171 168
171 167
172 167
173 166
129 275
130 275
131 275
131 276
131 277
131 278
131 279
132 280
132 281
132 282
132 283
132 284
133 284
134 283
134 284
134 285
134 286
134 287
134 288
134 289
135 290
135 291
135 292
135 293
136 294
136 295
136 296
136 297
136 298
136 299
136 300
136 301
136 302
137 302
137 303
137 304
137 305
138 306
138 307
139 308
139 309
140 309
141 309
142 309
142 308
142 307
142 306
142 305
142 304
142 303
142 302
142 301
142 300
142 299
142 298
142 297
142 296
142 295
142 294
142 293
142 292
142 291
142 290
142 289
142 288
142 287
142 286
142 285
142 284
142 283
141 282
141 281
141 280
141 279
141 278
141 277
141 276
140 276
139 276
139 275
138 275
137 275
137 276
137 277
137 278
136 278
136 279
136 280
135 281
