103
318 93
319 93
320 93
321 94
322 94
322 95
323 95
324 96
325 96
326 96
327 97
328 97
328 98
328 99
329 100
329 101
330 102
330 102
331 103
332 103
333 104
333 105
334 106
334 106
335 107
336 108
337 109
337 109
338 110
339 111
339 112
339 113
340 113
183 154
182 154
181 154
180 154
179 154
178 154
177 154
176 154
176 155
175 155
174 155
173 156
172 156
172 157
171 157
171 158
170 158
170 159
170 160
169 161
169 162
169 163
168 163
169 163
169 162
169 161
169 160
170 160
170 159
171 158
172 158
173 158
173 157
174 157
175 157
176 157
176 156
177 156
178 156
179 156
180 156
181 156
182 156
183 156
184 156
185 156
186 156
186 155
186 154
186 153
186 152
186 151
186 150
187 150
187 151
188 151
189 151
190 151
191 151
192 151
193 151
194 151
195 151
196 151
197 151
198 151
199 151
200 152
201 152
201 153
