92
231 211
232 211
233 210
234 210
235 209
235 209
236 208
237 207
237 207
238 206
239 205
240 205
241 205
242 205
243 205
244 205
245 205
246 205
247 205
248 204
248 204
249 203
250 203
251 203
252 203
253 203
254 202
255 202
255 201
256 201
257 201
258 201
259 201
260 201
261 201
262 201
263 201
264 201
265 201
265 202
266 202
267 203
268 203
269 203
270 203
271 203
272 203
273 203
273 204
274 204
275 204
276 204
277 204
278 204
279 204
280 204
281 204
282 204
283 204
284 205
285 205
285 206
286 206
286 207
287 208
287 209
288 209
288 208
289 208
290 208
291 208
292 209
292 210
292 211
292 212
292 213
293 213
293 214
293 215
294 215
294 216
294 217
295 217
295 218
295 219
296 219
296 220
297 221
298 221
298 222
298 223
299 224
