68
287 99
287 100
287 101
288 102
288 103
288 104
289 104
289 105
289 106
289 107
289 108
289 109
290 110
290 111
290 112
291 112
292 112
292 113
291 113
278 111
279 111
280 111
281 111
282 111
283 111
284 111
285 111
286 111
287 111
288 110
289 110
290 110
291 110
292 109
292 109
293 108
294 108
295 107
296 107
296 106
297 106
298 105
299 104
300 104
301 104
302 104
282 102
283 103
284 103
284 104
285 104
286 105
287 106
287 107
288 108
288 108
288 109
289 110
290 110
291 110
292 111
293 111
293 112
294 112
295 113
296 113
297 113
298 113
