135
201 207
202 206
202 205
203 205
203 204
204 203
205 202
205 201
206 201
206 200
206 199
207 198
207 197
208 196
208 195
209 194
209 193
210 193
210 192
211 191
211 190
211 189
211 188
212 187
212 186
212 185
212 184
213 184
214 183
214 182
215 182
216 181
216 180
217 179
218 178
218 178
219 177
219 176
220 175
221 175
221 174
222 173
223 173
224 172
224 171
225 171
226 171
227 171
228 171
229 171
230 171
231 170
232 170
233 170
234 171
235 170
235 170
236 170
237 171
237 172
238 173
238 173
239 174
240 175
241 176
241 176
242 177
243 178
243 178
244 179
245 179
246 180
247 181
248 181
249 181
250 181
251 181
252 181
253 181
254 181
255 181
256 181
257 181
258 181
259 181
260 181
261 181
262 181
263 181
264 181
264 182
265 182
266 182
323 209
323 210
324 211
324 212
325 213
325 214
325 214
326 215
326 216
326 217
326 218
326 219
326 220
326 221
326 222
326 223
327 224
327 225
327 226
328 227
328 228
329 228
329 229
329 230
330 231
330 232
330 233
331 234
331 235
331 236
332 237
332 237
332 238
332 239
332 240
332 241
332 242
333 243
333 244
333 245
333 246
334 247
