138
188 186
189 186
190 187
190 188
191 188
191 189
192 190
192 191
192 192
193 192
194 192
194 193
194 194
195 194
196 194
196 195
197 195
197 196
198 196
151 255
152 255
153 255
154 255
155 255
155 254
156 254
157 254
158 254
158 255
158 254
159 254
160 254
161 254
162 254
163 254
164 255
165 255
166 255
167 255
168 255
169 255
170 255
171 255
172 255
173 255
174 255
175 256
175 256
198 305
199 305
200 304
201 304
202 304
203 304
203 303
204 303
205 302
205 301
206 301
206 300
207 300
208 300
209 300
225 321
225 322
225 323
224 324
223 324
223 325
222 325
222 326
221 326
221 327
221 328
220 328
220 329
220 330
220 331
219 332
219 333
219 334
218 335
218 335
218 336
217 337
217 338
216 338
216 339
216 340
216 341
216 342
216 343
215 343
214 343
214 344
215 344
215 345
214 346
214 347
213 347
213 348
308 287
309 287
310 288
310 289
311 289
312 290
312 291
313 291
313 292
314 292
314 293
315 293
315 294
316 294
317 294
317 293
317 292
316 292
316 291
317 291
316 291
316 290
315 290
314 290
314 291
314 292
310 231
311 231
312 231
313 231
313 230
314 230
314 229
314 228
315 228
316 228
317 228
